1 -0.0280506 -0.0103452
2 -0.0280506 -0.0103452
3 -0.0280506 -0.00863762
4 -0.0280506 -0.00863762
5 -0.0280506 -0.00863762
6 -0.0221583 -0.00598439
7 -0.0180167 -0.00598439
8 -0.014911 -0.00598439
9 -0.0124717 -0.00246454
10 -0.027407 -0.00999839
11 -0.0627528 -0.0254983
12 -0.0888068 -0.0254983
13 -0.113584 -0.0436644
14 -0.0786389 -0.0187951
15 -0.0236167 0.00106549
16 0.0337232 0.0187458
17 0.0263813 0.0187458
18 -0.0178547 -0.0152883
19 -0.0747549 -0.03345
20 -0.00929164 -0.03345
21 0.00985718 0.0160154
22 -0.00285622 -0.00435113
23 -0.0356302 -0.00435113
24 -0.0728336 -0.0352613
25 -0.106871 -0.0396299
26 -0.12399 -0.0396299
27 -0.130396 -0.0452262
28 -0.12431 -0.0386776
29 -0.106572 -0.0386776
30 -0.0827197 -0.0203713
31 -0.0503459 -0.0123519
32 -0.00542538 -0.0123519
33 0.0498603 0.0293661
34 0.0957324 0.0341303
35 0.0575485 0.0341303
36 -0.0364153 -0.0358684
37 -0.0565004 -0.0229846
38 -0.0164644 -0.0229846
39 0.0479643 0.0296482
40 0.127175 0.0494361
41 0.0804014 0.0494361
42 0.0809707 0.0144568
43 0.114988 0.0385869
44 0.159184 0.0385869
45 0.203152 0.0747494
46 0.244784 0.0747494
47 0.291497 0.102012
48 0.247275 0.0668271
49 0.306852 0.103114
50 0.389925 0.133005
51 0.454132 0.150195
52 0.378943 0.150195
53 0.379099 0.150195
54 0.379605 0.105201
55 0.380017 0.105201
56 0.379929 0.105201
57 0.355597 0.105201
58 0.33444 0.0974791
59 0.317646 0.0974791
60 0.304601 0.0974791
61 0.290336 0.0896285
62 0.243824 0.0721265
63 0.204184 0.0721265
64 0.17407 0.0476842
65 0.154593 0.0507746
66 0.178026 0.0507746
67 0.148229 0.0514651
68 0.134614 0.0514651
69 0.12219 0.0406142
70 0.13919 0.0533788
71 0.127231 0.0533788
72 0.120814 0.0421542
73 0.128973 0.0494352
74 0.0449308 0.0494352
75 0.000138545 -0.0125036
76 0.120373 0.0662092
77 0.0747168 0.0662092
78 0.0254152 0.00120294
79 0.0362835 0.00120294
80 0.129038 0.0663709
