1 -2.65062e-07 2.8552e-08 0
2 -2.64944e-08 2.8552e-08 0
3 -1.26163e-07 2.72999e-08 0
4 -1.15529e-07 2.72999e-08 0
5 -5.62614e-08 2.72999e-08 0
6 2.24768 0 0.653176
7 3 0 0.653176
8 3 0 0.653176
9 3 0 0.693334
10 -2.18231 0.665047 0
11 -0.133701 0 0.136261
12 1.42631 0 0.136261
13 1.6862 0 0.501154
14 0.870519 0 0.119539
15 0.873609 0 0.186213
16 1.10429 0 0.253527
17 1.06488 0 0.253527
18 0.937114 0 0.187152
19 0.979349 0 0.213362
20 1.04255 0 0.213362
21 1.04973 0 0.231024
22 1.03222 0 0.220934
23 1.01869 0 0.220934
24 1.00811 0 0.215949
25 1.01132 0 0.219414
26 1.01822 0 0.219414
27 1.01173 0 0.219884
28 1.00613 0 0.218831
29 1.0032 0 0.218831
30 0.995875 0 0.216903
31 0.99738 0 0.218758
32 1.00039 0 0.218758
33 1.00005 0 0.220012
34 0.997639 0 0.219698
35 0.990327 0 0.219698
36 1.26539 0 0.298298
37 1.07976 0 0.223694
38 0.947217 0 0.223694
39 1.06688 0 0.235449
40 1.02676 0 0.225458
41 0.979586 0 0.225458
42 0.563897 0 0.0947776
43 -0.355337 0.134985 0
44 0.994316 0.134985 0
45 0.999242 0 0.331981
46 0.865626 0 0.331981
47 -0.0666587 0.085536 0
48 0.998418 0 0.309207
49 0.811646 0 0.170324
50 0.571004 0 0.115822
51 0.923406 0 0.237824
52 0.967476 0 0.237824
53 -0.129758 0 0.237824
54 -0.252668 0.131581 0
55 -0.0118129 0.131581 0
56 -0.00773321 0.131581 0
57 2.24051 0.131581 0
58 2.99078 0 0.904898
59 2.97548 0 0.904898
60 2.36579 0 0.904898
61 2.97927 0 0.646122
62 3 0 0.654393
63 2.98126 0 0.654393
64 2.98238 0 0.649415
65 2.99376 0 0.65592
66 2.99979 0 0.65592
67 2.98985 0 0.655669
68 2.99995 0 0.655669
69 2.98545 0 0.656498
70 2.99907 0 0.662601
71 2.9877 0 0.662601
72 2.98999 0 0.660672
73 2.99436 0 0.664462
74 2.99874 0 0.664462
75 2.97774 0 0.661079
76 2.9835 0 0.665869
77 2.98327 0 0.665869
78 2.98584 0 0.667879
79 2.98972 0 0.667879
80 2.98545 0 0.669369
